1.0 0.0 2.0 2.5 3.0 3.0 3.0 4.0 4.0 4.0 5.0 5.0 0.0 0.0 0.0 0.0 0.0 0.0 0.0 0.0
2.0 0.0 2.0 2.5 3.0 3.0 4.0 4.0 4.0 5.0 5.0 6.0 0.0 0.0 0.0 0.0 0.0 0.0 0.0 0.0
2.0 0.0 2.0 2.5 3.0 4.0 4.0 4.0 5.0 5.0 6.0 6.0 0.0 0.0 0.0 0.0 0.0 0.0 0.0 0.0
2.0 0.0 2.0 2.5 4.0 4.0 4.0 5.0 5.0 6.0 6.0 6.0 0.0 0.0 0.0 0.0 0.0 0.0 0.0 0.0
3.0 0.0 2.0 2.5 4.0 4.0 5.0 5.0 6.0 6.0 6.0 7.0 0.0 0.0 0.0 0.0 0.0 0.0 0.0 0.0
3.0 0.0 2.0 2.5 4.0 5.0 5.0 6.0 6.0 6.0 7.0 7.0 0.0 0.0 0.0 0.0 0.0 0.0 0.0 0.0
3.0 0.0 2.0 2.5 5.0 5.0 6.0 6.0 6.0 7.0 7.0 7.0 0.0 0.0 0.0 0.0 0.0 0.0 0.0 0.0
4.0 0.0 2.0 2.5 5.0 6.0 6.0 6.0 7.0 7.0 7.0 8.0 0.0 0.0 0.0 0.0 0.0 0.0 0.0 0.0
4.0 0.0 2.0 2.5 6.0 6.0 6.0 7.0 7.0 7.0 8.0 8.0 0.0 0.0 0.0 0.0 0.0 0.0 0.0 0.0
4.0 0.0 2.0 2.5 6.0 6.0 7.0 7.0 7.0 8.0 8.0 9.0 0.0 0.0 0.0 0.0 0.0 0.0 0.0 0.0
5.0 0.0 2.0 2.5 6.0 7.0 7.0 7.0 8.0 8.0 9.0 9.0 0.0 0.0 0.0 0.0 0.0 0.0 0.0 0.0
5.0 0.0 2.0 2.5 7.0 7.0 7.0 8.0 8.0 9.0 9.0 9.0 0.0 0.0 0.0 0.0 0.0 0.0 0.0 0.0
6.0 0.0 2.0 2.5 7.0 7.0 8.0 8.0 9.0 9.0 9.0 10.0 0.0 0.0 0.0 0.0 0.0 0.0 0.0 0.0
6.0 0.0 2.0 2.5 7.0 8.0 8.0 9.0 9.0 9.0 10.0 11.0 0.0 0.0 0.0 0.0 0.0 0.0 0.0 0.0
6.0 0.0 2.0 2.5 8.0 8.0 9.0 9.0 9.0 10.0 11.0 12.0 0.0 0.0 0.0 0.0 0.0 0.0 0.0 0.0
7.0 0.0 2.0 2.5 8.0 9.0 9.0 9.0 10.0 11.0 12.0 13.0 0.0 0.0 0.0 0.0 0.0 0.0 0.0 0.0
7.0 0.0 2.0 2.5 9.0 9.0 9.0 10.0 11.0 12.0 13.0 13.0 0.0 0.0 0.0 0.0 0.0 0.0 0.0 0.0
7.0 0.0 2.0 2.5 9.0 9.0 10.0 11.0 12.0 13.0 13.0 14.0 0.0 0.0 0.0 0.0 0.0 0.0 0.0 0.0
8.0 0.0 2.0 2.5 9.0 10.0 11.0 12.0 13.0 13.0 14.0 15.0 0.0 0.0 0.0 0.0 0.0 0.0 0.0 0.0
8.0 0.0 2.0 2.5 10.0 11.0 12.0 13.0 13.0 14.0 15.0 15.0 0.0 0.0 0.0 0.0 0.0 0.0 0.0 0.0
9.0 0.0 2.0 2.5 11.0 12.0 13.0 13.0 14.0 15.0 15.0 15.0 0.0 0.0 0.0 0.0 0.0 0.0 0.0 0.0
9.0 0.0 2.0 2.5 12.0 13.0 13.0 14.0 15.0 15.0 15.0 16.0 0.0 0.0 0.0 0.0 0.0 0.0 0.0 0.0
9.0 0.0 2.0 2.5 13.0 13.0 14.0 15.0 15.0 15.0 16.0 16.0 0.0 0.0 0.0 0.0 0.0 0.0 0.0 0.0
10.0 0.0 2.0 2.5 13.0 14.0 15.0 15.0 15.0 16.0 16.0 17.0 0.0 0.0 0.0 0.0 0.0 0.0 0.0 0.0
11.0 0.0 2.0 2.5 14.0 15.0 15.0 15.0 16.0 16.0 17.0 17.0 0.0 0.0 0.0 0.0 0.0 0.0 0.0 0.0
12.0 0.0 2.0 2.5 15.0 15.0 15.0 16.0 16.0 17.0 17.0 18.0 0.0 0.0 0.0 0.0 0.0 0.0 0.0 0.0
13.0 0.0 2.0 2.5 15.0 15.0 16.0 16.0 17.0 17.0 18.0 18.0 0.0 0.0 0.0 0.0 0.0 0.0 0.0 0.0
13.0 0.0 2.0 2.5 15.0 16.0 16.0 17.0 17.0 18.0 18.0 19.0 0.0 0.0 0.0 0.0 0.0 0.0 0.0 0.0
14.0 0.0 2.0 2.5 16.0 16.0 17.0 17.0 18.0 18.0 19.0 19.0 0.0 0.0 0.0 0.0 0.0 0.0 0.0 0.0
15.0 0.0 2.0 2.5 16.0 17.0 17.0 18.0 18.0 19.0 19.0 19.0 0.0 0.0 0.0 0.0 0.0 0.0 0.0 0.0
15.0 0.0 2.0 2.5 17.0 17.0 18.0 18.0 19.0 19.0 19.0 20.0 0.0 0.0 0.0 0.0 0.0 0.0 0.0 0.0
15.0 0.0 2.0 2.5 17.0 18.0 18.0 19.0 19.0 19.0 20.0 20.0 0.0 0.0 0.0 0.0 0.0 0.0 0.0 0.0
16.0 0.0 2.0 2.5 18.0 18.0 19.0 19.0 19.0 20.0 20.0 21.0 0.0 0.0 0.0 0.0 0.0 0.0 0.0 0.0
16.0 0.0 2.0 2.5 18.0 19.0 19.0 19.0 20.0 20.0 21.0 21.0 0.0 0.0 0.0 0.0 0.0 0.0 0.0 0.0
17.0 0.0 2.0 2.5 19.0 19.0 19.0 20.0 20.0 21.0 21.0 22.0 0.0 0.0 0.0 0.0 0.0 0.0 0.0 0.0
17.0 0.0 2.0 2.5 19.0 19.0 20.0 20.0 21.0 21.0 22.0 22.0 0.0 0.0 0.0 0.0 0.0 0.0 0.0 0.0
18.0 0.0 2.0 2.5 19.0 20.0 20.0 21.0 21.0 22.0 22.0 23.0 0.0 0.0 0.0 0.0 0.0 0.0 0.0 0.0
18.0 0.0 2.0 2.5 20.0 20.0 21.0 21.0 22.0 22.0 23.0 22.0 0.0 0.0 0.0 0.0 0.0 0.0 0.0 0.0
19.0 0.0 2.0 2.5 20.0 21.0 21.0 22.0 22.0 23.0 22.0 23.0 0.0 0.0 0.0 0.0 0.0 0.0 0.0 0.0
19.0 0.0 2.0 2.5 21.0 21.0 22.0 22.0 23.0 22.0 23.0 24.0 0.0 0.0 0.0 0.0 0.0 0.0 0.0 0.0
19.0 0.0 2.0 2.5 21.0 22.0 22.0 23.0 22.0 23.0 24.0 24.0 0.0 0.0 0.0 0.0 0.0 0.0 0.0 0.0
20.0 0.0 2.0 2.5 22.0 22.0 23.0 22.0 23.0 24.0 24.0 23.0 0.0 0.0 0.0 0.0 0.0 0.0 0.0 0.0
20.0 0.0 2.0 2.5 22.0 23.0 22.0 23.0 24.0 24.0 23.0 25.0 0.0 0.0 0.0 0.0 0.0 0.0 0.0 0.0
21.0 0.0 2.0 2.5 23.0 22.0 23.0 24.0 24.0 23.0 25.0 27.0 0.0 0.0 0.0 0.0 0.0 0.0 0.0 0.0
21.0 0.0 2.0 2.5 22.0 23.0 24.0 24.0 23.0 25.0 27.0 25.0 0.0 0.0 0.0 0.0 0.0 0.0 0.0 0.0
22.0 0.0 2.0 2.5 23.0 24.0 24.0 23.0 25.0 27.0 25.0 26.0 0.0 0.0 0.0 0.0 0.0 0.0 0.0 0.0
22.0 0.0 2.0 2.5 24.0 24.0 23.0 25.0 27.0 25.0 26.0 26.0 0.0 0.0 0.0 0.0 0.0 0.0 0.0 0.0
23.0 0.0 2.0 2.5 24.0 23.0 25.0 27.0 25.0 26.0 26.0 25.0 0.0 0.0 0.0 0.0 0.0 0.0 0.0 0.0
22.0 0.0 2.0 2.5 23.0 25.0 27.0 25.0 26.0 26.0 25.0 27.0 0.0 0.0 0.0 0.0 0.0 0.0 0.0 0.0
23.0 0.0 2.0 2.5 25.0 27.0 25.0 26.0 26.0 25.0 27.0 28.0 0.0 0.0 0.0 0.0 0.0 0.0 0.0 0.0
24.0 0.0 2.0 2.5 27.0 25.0 26.0 26.0 25.0 27.0 28.0 26.0 0.0 0.0 0.0 0.0 0.0 0.0 0.0 0.0
24.0 0.0 2.0 2.5 25.0 26.0 26.0 25.0 27.0 28.0 26.0 26.0 0.0 0.0 0.0 0.0 0.0 0.0 0.0 0.0
23.0 0.0 2.0 2.5 26.0 26.0 25.0 27.0 28.0 26.0 26.0 26.0 0.0 0.0 0.0 0.0 0.0 0.0 0.0 0.0
25.0 0.0 2.0 2.5 26.0 25.0 27.0 28.0 26.0 26.0 26.0 28.0 0.0 0.0 0.0 0.0 0.0 0.0 0.0 0.0
27.0 0.0 2.0 2.5 25.0 27.0 28.0 26.0 26.0 26.0 28.0 25.0 0.0 0.0 0.0 0.0 0.0 0.0 0.0 0.0
25.0 0.0 2.0 2.5 27.0 28.0 26.0 26.0 26.0 28.0 25.0 26.0 0.0 0.0 0.0 0.0 0.0 0.0 0.0 0.0
26.0 0.0 2.0 2.5 28.0 26.0 26.0 26.0 28.0 25.0 26.0 26.0 0.0 0.0 0.0 0.0 0.0 0.0 0.0 0.0
26.0 0.0 2.0 2.5 26.0 26.0 26.0 28.0 25.0 26.0 26.0 27.0 0.0 0.0 0.0 0.0 0.0 0.0 0.0 0.0
25.0 0.0 2.0 2.5 26.0 26.0 28.0 25.0 26.0 26.0 27.0 27.0 0.0 0.0 0.0 0.0 0.0 0.0 0.0 0.0
27.0 0.0 2.0 2.5 26.0 28.0 25.0 26.0 26.0 27.0 27.0 27.0 0.0 0.0 0.0 0.0 0.0 0.0 0.0 0.0
28.0 0.0 2.0 2.5 28.0 25.0 26.0 26.0 27.0 27.0 27.0 28.0 0.0 0.0 0.0 0.0 0.0 0.0 0.0 0.0
26.0 0.0 2.0 2.5 25.0 26.0 26.0 27.0 27.0 27.0 28.0 28.0 0.0 0.0 0.0 0.0 0.0 0.0 0.0 0.0
26.0 0.0 2.0 2.5 26.0 26.0 27.0 27.0 27.0 28.0 28.0 28.0 0.0 0.0 0.0 0.0 0.0 0.0 0.0 0.0
26.0 0.0 2.0 2.5 26.0 27.0 27.0 27.0 28.0 28.0 28.0 29.0 0.0 0.0 0.0 0.0 0.0 0.0 0.0 0.0
28.0 0.0 2.0 2.5 27.0 27.0 27.0 28.0 28.0 28.0 29.0 30.0 0.0 0.0 0.0 0.0 0.0 0.0 0.0 0.0
25.0 0.0 2.0 2.5 27.0 27.0 28.0 28.0 28.0 29.0 30.0 29.0 0.0 0.0 0.0 0.0 0.0 0.0 0.0 0.0
26.0 0.0 2.0 2.5 27.0 28.0 28.0 28.0 29.0 30.0 29.0 31.0 0.0 0.0 0.0 0.0 0.0 0.0 0.0 0.0
26.0 0.0 2.0 2.5 28.0 28.0 28.0 29.0 30.0 29.0 31.0 30.0 0.0 0.0 0.0 0.0 0.0 0.0 0.0 0.0
27.0 0.0 2.0 2.5 28.0 28.0 29.0 30.0 29.0 31.0 30.0 31.0 0.0 0.0 0.0 0.0 0.0 0.0 0.0 0.0
27.0 0.0 2.0 2.5 28.0 29.0 30.0 29.0 31.0 30.0 31.0 31.0 0.0 0.0 0.0 0.0 0.0 0.0 0.0 0.0
27.0 0.0 2.0 2.5 29.0 30.0 29.0 31.0 30.0 31.0 31.0 31.0 0.0 0.0 0.0 0.0 0.0 0.0 0.0 0.0
28.0 0.0 2.0 2.5 30.0 29.0 31.0 30.0 31.0 31.0 31.0 32.0 0.0 0.0 0.0 0.0 0.0 0.0 0.0 0.0
28.0 0.0 2.0 2.5 29.0 31.0 30.0 31.0 31.0 31.0 32.0 32.0 0.0 0.0 0.0 0.0 0.0 0.0 0.0 0.0
28.0 0.0 2.0 2.5 31.0 30.0 31.0 31.0 31.0 32.0 32.0 32.0 0.0 0.0 0.0 0.0 0.0 0.0 0.0 0.0
29.0 0.0 2.0 2.5 30.0 31.0 31.0 31.0 32.0 32.0 32.0 32.0 0.0 0.0 0.0 0.0 0.0 0.0 0.0 0.0
30.0 0.0 2.0 2.5 31.0 31.0 31.0 32.0 32.0 32.0 32.0 32.0 0.0 0.0 0.0 0.0 0.0 0.0 0.0 0.0
29.0 0.0 2.0 2.5 31.0 31.0 32.0 32.0 32.0 32.0 32.0 32.0 0.0 0.0 0.0 0.0 0.0 0.0 0.0 0.0
31.0 0.0 2.0 2.5 31.0 32.0 32.0 32.0 32.0 32.0 32.0 32.0 0.0 0.0 0.0 0.0 0.0 0.0 0.0 0.0
30.0 0.0 2.0 2.5 32.0 32.0 32.0 32.0 32.0 32.0 32.0 33.0 0.0 0.0 0.0 0.0 0.0 0.0 0.0 0.0
31.0 0.0 2.0 2.5 32.0 32.0 32.0 32.0 32.0 32.0 33.0 33.0 0.0 0.0 0.0 0.0 0.0 0.0 0.0 0.0
31.0 0.0 2.0 2.5 32.0 32.0 32.0 32.0 32.0 33.0 33.0 34.0 0.0 0.0 0.0 0.0 0.0 0.0 0.0 0.0
31.0 0.0 2.0 2.5 32.0 32.0 32.0 32.0 33.0 33.0 34.0 33.0 0.0 0.0 0.0 0.0 0.0 0.0 0.0 0.2
32.0 0.0 2.0 2.5 32.0 32.0 32.0 33.0 33.0 34.0 33.0 34.0 0.0 0.0 0.0 0.0 0.0 0.0 0.2 0.0
32.0 0.0 2.0 2.5 32.0 32.0 33.0 33.0 34.0 33.0 34.0 32.0 0.0 0.0 0.0 0.0 0.0 0.2 0.0 0.0
32.0 0.0 2.0 2.5 32.0 33.0 33.0 34.0 33.0 34.0 32.0 33.0 0.0 0.0 0.0 0.0 0.2 0.0 0.0 0.0
32.0 0.0 2.0 2.5 33.0 33.0 34.0 33.0 34.0 32.0 33.0 33.0 0.0 0.0 0.0 0.2 0.0 0.0 0.0 0.0
32.0 0.0 2.0 2.5 33.0 34.0 33.0 34.0 32.0 33.0 33.0 33.0 0.0 0.0 0.2 0.0 0.0 0.0 0.0 0.0
32.0 0.0 2.0 2.5 34.0 33.0 34.0 32.0 33.0 33.0 33.0 34.0 0.0 0.2 0.0 0.0 0.0 0.0 0.0 0.0
32.0 0.2 2.0 2.5 33.0 34.0 32.0 33.0 33.0 33.0 34.0 34.0 0.2 0.0 0.0 0.0 0.0 0.0 0.0 0.0
33.0 0.2 2.0 2.5 34.0 32.0 33.0 33.0 33.0 34.0 34.0 36.0 0.0 0.0 0.0 0.0 0.0 0.0 0.0 0.0
33.0 0.2 2.0 2.5 32.0 33.0 33.0 33.0 34.0 34.0 36.0 34.0 0.0 0.0 0.0 0.0 0.0 0.0 0.0 0.0
34.0 0.2 2.0 2.5 33.0 33.0 33.0 34.0 34.0 36.0 34.0 34.0 0.0 0.0 0.0 0.0 0.0 0.0 0.0 0.0
33.0 0.2 2.0 2.5 33.0 33.0 34.0 34.0 36.0 34.0 34.0 35.0 0.0 0.0 0.0 0.0 0.0 0.0 0.0 0.0
34.0 0.0 2.0 2.5 33.0 34.0 34.0 36.0 34.0 34.0 35.0 35.0 0.0 0.0 0.0 0.0 0.0 0.0 0.0 0.0
32.0 0.0 2.0 2.5 34.0 34.0 36.0 34.0 34.0 35.0 35.0 34.0 0.0 0.0 0.0 0.0 0.0 0.0 0.0 0.2
33.0 0.0 2.0 2.5 34.0 36.0 34.0 34.0 35.0 35.0 34.0 35.0 0.0 0.0 0.0 0.0 0.0 0.0 0.2 0.2
33.0 0.0 2.0 2.5 36.0 34.0 34.0 35.0 35.0 34.0 35.0 34.0 0.0 0.0 0.0 0.0 0.0 0.2 0.2 0.0
33.0 0.0 2.0 2.5 34.0 34.0 35.0 35.0 34.0 35.0 34.0 36.0 0.0 0.0 0.0 0.0 0.2 0.2 0.0 0.2
34.0 0.0 2.0 2.5 34.0 35.0 35.0 34.0 35.0 34.0 36.0 34.0 0.0 0.0 0.0 0.2 0.2 0.0 0.2 0.2
34.0 0.0 2.0 2.5 35.0 35.0 34.0 35.0 34.0 36.0 34.0 36.0 0.0 0.0 0.2 0.2 0.0 0.2 0.2 0.6
36.0 0.0 2.0 2.5 35.0 34.0 35.0 34.0 36.0 34.0 36.0 35.0 0.0 0.2 0.2 0.0 0.2 0.2 0.6 0.4
34.0 0.2 2.0 2.5 34.0 35.0 34.0 36.0 34.0 36.0 35.0 36.0 0.2 0.2 0.0 0.2 0.2 0.6 0.4 0.6
34.0 0.4 2.0 2.5 35.0 34.0 36.0 34.0 36.0 35.0 36.0 35.0 0.2 0.0 0.2 0.2 0.6 0.4 0.6 0.4
35.0 0.4 2.0 2.5 34.0 36.0 34.0 36.0 35.0 36.0 35.0 35.0 0.0 0.2 0.2 0.6 0.4 0.6 0.4 0.4
35.0 0.6000000000000001 2.0 2.5 36.0 34.0 36.0 35.0 36.0 35.0 35.0 35.0 0.2 0.2 0.6 0.4 0.6 0.4 0.4 0.4
34.0 0.8 2.0 2.5 34.0 36.0 35.0 36.0 35.0 35.0 35.0 35.0 0.2 0.6 0.4 0.6 0.4 0.4 0.4 0.4
35.0 1.2 2.0 2.5 36.0 35.0 36.0 35.0 35.0 35.0 35.0 34.0 0.6 0.4 0.6 0.4 0.4 0.4 0.4 0.2
34.0 1.4 2.0 2.5 35.0 36.0 35.0 35.0 35.0 35.0 34.0 35.0 0.4 0.6 0.4 0.4 0.4 0.4 0.2 0.4
36.0 2.0 2.0 2.5 36.0 35.0 35.0 35.0 35.0 34.0 35.0 35.0 0.6 0.4 0.4 0.4 0.4 0.2 0.4 0.4
34.0 2.2 2.0 2.5 35.0 35.0 35.0 35.0 34.0 35.0 35.0 35.0 0.4 0.4 0.4 0.4 0.2 0.4 0.4 0.6
36.0 2.4 2.0 2.5 35.0 35.0 35.0 34.0 35.0 35.0 35.0 35.0 0.4 0.4 0.4 0.2 0.4 0.4 0.6 0.6
35.0 2.2 2.0 2.5 35.0 35.0 34.0 35.0 35.0 35.0 35.0 35.0 0.4 0.4 0.2 0.4 0.4 0.6 0.6 0.6
36.0 2.2 2.0 2.5 35.0 34.0 35.0 35.0 35.0 35.0 35.0 35.0 0.4 0.2 0.4 0.4 0.6 0.6 0.6 0.4
35.0 1.7999999999999998 2.0 2.5 34.0 35.0 35.0 35.0 35.0 35.0 35.0 35.0 0.2 0.4 0.4 0.6 0.6 0.6 0.4 0.2
35.0 1.7999999999999998 2.0 2.5 35.0 35.0 35.0 35.0 35.0 35.0 35.0 35.0 0.4 0.4 0.6 0.6 0.6 0.4 0.2 0.2
35.0 1.7999999999999998 2.0 2.5 35.0 35.0 35.0 35.0 35.0 35.0 35.0 34.0 0.4 0.6 0.6 0.6 0.4 0.2 0.2 0.2
35.0 2.0 2.0 2.5 35.0 35.0 35.0 35.0 35.0 35.0 34.0 35.0 0.6 0.6 0.6 0.4 0.2 0.2 0.2 0.6
34.0 2.2 2.0 2.5 35.0 35.0 35.0 35.0 35.0 34.0 35.0 35.0 0.6 0.6 0.4 0.2 0.2 0.2 0.6 0.4
35.0 2.5999999999999996 2.0 2.5 35.0 35.0 35.0 35.0 34.0 35.0 35.0 35.0 0.6 0.4 0.2 0.2 0.2 0.6 0.4 0.4
35.0 2.6 2.0 2.5 35.0 35.0 35.0 34.0 35.0 35.0 35.0 37.0 0.4 0.2 0.2 0.2 0.6 0.4 0.4 0.2
35.0 2.4000000000000004 2.0 2.5 35.0 35.0 34.0 35.0 35.0 35.0 37.0 36.0 0.2 0.2 0.2 0.6 0.4 0.4 0.2 0.0
35.0 2.0 2.0 2.5 35.0 34.0 35.0 35.0 35.0 37.0 36.0 36.0 0.2 0.2 0.6 0.4 0.4 0.2 0.0 0.2
35.0 1.6 2.0 2.5 34.0 35.0 35.0 35.0 37.0 36.0 36.0 35.0 0.2 0.6 0.4 0.4 0.2 0.0 0.2 0.2
35.0 1.6 2.0 2.5 35.0 35.0 35.0 37.0 36.0 36.0 35.0 35.0 0.6 0.4 0.4 0.2 0.0 0.2 0.2 0.4
35.0 1.5999999999999999 2.0 2.5 35.0 35.0 37.0 36.0 36.0 35.0 35.0 35.0 0.4 0.4 0.2 0.0 0.2 0.2 0.4 0.4
35.0 1.7999999999999998 2.0 2.5 35.0 37.0 36.0 36.0 35.0 35.0 35.0 35.0 0.4 0.2 0.0 0.2 0.2 0.4 0.4 0.4
34.0 1.8 2.0 2.5 37.0 36.0 36.0 35.0 35.0 35.0 35.0 35.0 0.2 0.0 0.2 0.2 0.4 0.4 0.4 1.8
35.0 1.6 2.0 2.5 36.0 36.0 35.0 35.0 35.0 35.0 35.0 34.0 0.0 0.2 0.2 0.4 0.4 0.4 1.8 1.8
35.0 1.2000000000000002 2.0 2.5 36.0 35.0 35.0 35.0 35.0 35.0 34.0 35.0 0.2 0.2 0.4 0.4 0.4 1.8 1.8 1.0
35.0 1.0 2.0 2.5 35.0 35.0 35.0 35.0 35.0 34.0 35.0 34.0 0.2 0.4 0.4 0.4 1.8 1.8 1.0 1.2
37.0 1.0 2.0 2.5 35.0 35.0 35.0 35.0 34.0 35.0 34.0 33.0 0.4 0.4 0.4 1.8 1.8 1.0 1.2 0.8
36.0 1.2 2.0 2.5 35.0 35.0 35.0 34.0 35.0 34.0 33.0 32.0 0.4 0.4 1.8 1.8 1.0 1.2 0.8 1.0
36.0 1.6 2.0 2.5 35.0 35.0 34.0 35.0 34.0 33.0 32.0 32.0 0.4 1.8 1.8 1.0 1.2 0.8 1.0 0.8
35.0 3.2 2.0 2.5 35.0 34.0 35.0 34.0 33.0 32.0 32.0 31.0 1.8 1.8 1.0 1.2 0.8 1.0 0.8 3.6
35.0 4.800000000000001 2.0 2.5 34.0 35.0 34.0 33.0 32.0 32.0 31.0 30.0 1.8 1.0 1.2 0.8 1.0 0.8 3.6 3.2
35.0 5.4 2.0 2.5 35.0 34.0 33.0 32.0 32.0 31.0 30.0 28.0 1.0 1.2 0.8 1.0 0.8 3.6 3.2 2.6
35.0 6.2 2.0 2.5 34.0 33.0 32.0 32.0 31.0 30.0 28.0 28.0 1.2 0.8 1.0 0.8 3.6 3.2 2.6 4.2
35.0 6.6 2.0 2.5 33.0 32.0 32.0 31.0 30.0 28.0 28.0 25.0 0.8 1.0 0.8 3.6 3.2 2.6 4.2 2.0
34.0 5.8 2.0 2.5 32.0 32.0 31.0 30.0 28.0 28.0 25.0 25.0 1.0 0.8 3.6 3.2 2.6 4.2 2.0 1.6
35.0 4.8 2.0 2.5 32.0 31.0 30.0 28.0 28.0 25.0 25.0 24.0 0.8 3.6 3.2 2.6 4.2 2.0 1.6 1.0
34.0 7.4 2.0 2.5 31.0 30.0 28.0 28.0 25.0 25.0 24.0 24.0 3.6 3.2 2.6 4.2 2.0 1.6 1.0 0.6
33.0 9.400000000000002 2.0 2.5 30.0 28.0 28.0 25.0 25.0 24.0 24.0 24.0 3.2 2.6 4.2 2.0 1.6 1.0 0.6 0.6
32.0 11.200000000000001 2.0 2.5 28.0 28.0 25.0 25.0 24.0 24.0 24.0 24.0 2.6 4.2 2.0 1.6 1.0 0.6 0.6 0.4
32.0 14.4 2.0 2.5 28.0 25.0 25.0 24.0 24.0 24.0 24.0 24.0 4.2 2.0 1.6 1.0 0.6 0.6 0.4 0.4
31.0 15.6 2.0 2.5 25.0 25.0 24.0 24.0 24.0 24.0 24.0 24.0 2.0 1.6 1.0 0.6 0.6 0.4 0.4 0.6
30.0 13.600000000000001 2.0 2.5 25.0 24.0 24.0 24.0 24.0 24.0 24.0 27.0 1.6 1.0 0.6 0.6 0.4 0.4 0.6 0.8
28.0 11.4 2.0 2.5 24.0 24.0 24.0 24.0 24.0 24.0 27.0 25.0 1.0 0.6 0.6 0.4 0.4 0.6 0.8 2.6
28.0 9.4 2.0 2.5 24.0 24.0 24.0 24.0 24.0 27.0 25.0 23.0 0.6 0.6 0.4 0.4 0.6 0.8 2.6 1.8
25.0 5.800000000000001 2.0 2.5 24.0 24.0 24.0 24.0 27.0 25.0 23.0 23.0 0.6 0.4 0.4 0.6 0.8 2.6 1.8 3.0
25.0 4.2 2.0 2.5 24.0 24.0 24.0 27.0 25.0 23.0 23.0 20.0 0.4 0.4 0.6 0.8 2.6 1.8 3.0 1.8
24.0 3.0 2.0 2.5 24.0 24.0 27.0 25.0 23.0 23.0 20.0 20.0 0.4 0.6 0.8 2.6 1.8 3.0 1.8 1.4
24.0 2.6 2.0 2.5 24.0 27.0 25.0 23.0 23.0 20.0 20.0 22.0 0.6 0.8 2.6 1.8 3.0 1.8 1.4 1.4
24.0 2.8 2.0 2.5 27.0 25.0 23.0 23.0 20.0 20.0 22.0 20.0 0.8 2.6 1.8 3.0 1.8 1.4 1.4 2.2
24.0 4.800000000000001 2.0 2.5 25.0 23.0 23.0 20.0 20.0 22.0 20.0 19.0 2.6 1.8 3.0 1.8 1.4 1.4 2.2 2.8
24.0 6.2 2.0 2.5 23.0 23.0 20.0 20.0 22.0 20.0 19.0 19.0 1.8 3.0 1.8 1.4 1.4 2.2 2.8 2.0
24.0 8.8 2.0 2.5 23.0 20.0 20.0 22.0 20.0 19.0 19.0 19.0 3.0 1.8 1.4 1.4 2.2 2.8 2.0 3.2
27.0 10.0 2.0 2.5 20.0 20.0 22.0 20.0 19.0 19.0 19.0 17.0 1.8 1.4 1.4 2.2 2.8 2.0 3.2 3.8
25.0 10.6 2.0 2.5 20.0 22.0 20.0 19.0 19.0 19.0 17.0 16.0 1.4 1.4 2.2 2.8 2.0 3.2 3.8 2.6
23.0 9.4 2.0 2.5 22.0 20.0 19.0 19.0 19.0 17.0 16.0 14.0 1.4 2.2 2.8 2.0 3.2 3.8 2.6 4.0
23.0 9.8 2.0 2.5 20.0 19.0 19.0 19.0 17.0 16.0 14.0 12.0 2.2 2.8 2.0 3.2 3.8 2.6 4.0 6.4
20.0 9.600000000000001 2.0 2.5 19.0 19.0 19.0 17.0 16.0 14.0 12.0 0.0 2.8 2.0 3.2 3.8 2.6 4.0 6.4 4.8
20.0 9.8 2.0 2.5 19.0 19.0 17.0 16.0 14.0 12.0 0.0 0.0 2.0 3.2 3.8 2.6 4.0 6.4 4.8 1.4
22.0 11.6 2.0 2.5 19.0 17.0 16.0 14.0 12.0 0.0 0.0 0.0 3.2 3.8 2.6 4.0 6.4 4.8 1.4 1.2
20.0 14.0 2.0 2.5 17.0 16.0 14.0 12.0 0.0 0.0 0.0 0.0 3.8 2.6 4.0 6.4 4.8 1.4 1.2 1.2
19.0 14.400000000000002 2.0 2.5 16.0 14.0 12.0 0.0 0.0 0.0 0.0 0.0 2.6 4.0 6.4 4.8 1.4 1.2 1.2 2.2
19.0 15.599999999999998 2.0 2.5 14.0 12.0 0.0 0.0 0.0 0.0 0.0 0.0 4.0 6.4 4.8 1.4 1.2 1.2 2.2 1.6
19.0 20.0 2.0 0.9 12.0 0.0 0.0 0.0 0.0 0.0 0.0 0.0 6.4 4.8 1.4 1.2 1.2 2.2 1.6 0.4
0.0 0.8 3.0 2.5 1.0 3.0 10.0 11.0 11.0 11.0 3.0 0.0 0.4 0.0 0.6 1.4 2.2 3.4 3.0 5.0
0.0 0.8 3.0 2.5 3.0 10.0 11.0 11.0 11.0 3.0 0.0 0.0 0.0 0.6 1.4 2.2 3.4 3.0 5.0 3.2
0.0 1.2 3.0 2.5 10.0 11.0 11.0 11.0 3.0 0.0 0.0 0.0 0.6 1.4 2.2 3.4 3.0 5.0 3.2 2.4
0.0 2.6 3.0 2.5 11.0 11.0 11.0 3.0 0.0 0.0 0.0 0.0 1.4 2.2 3.4 3.0 5.0 3.2 2.4 0.8
1.0 4.6000000000000005 3.0 2.5 11.0 11.0 3.0 0.0 0.0 0.0 0.0 0.0 2.2 3.4 3.0 5.0 3.2 2.4 0.8 0.2
3.0 7.6 3.0 2.5 11.0 3.0 0.0 0.0 0.0 0.0 0.0 0.0 3.4 3.0 5.0 3.2 2.4 0.8 0.2 0.4
10.0 10.600000000000001 3.0 2.5 3.0 0.0 0.0 0.0 0.0 0.0 0.0 0.0 3.0 5.0 3.2 2.4 0.8 0.2 0.4 0.2
1.0 0.0 2.0 2.5 2.0 2.0 2.0 2.0 2.0 2.0 2.0 2.0 0.0 0.0 0.0 0.0 0.0 0.0 0.0 0.0
2.0 0.0 2.0 2.5 2.0 2.0 2.0 2.0 2.0 2.0 2.0 3.0 0.0 0.0 0.0 0.0 0.0 0.0 0.0 0.0
2.0 0.0 2.0 2.5 2.0 2.0 2.0 2.0 2.0 2.0 3.0 3.0 0.0 0.0 0.0 0.0 0.0 0.0 0.0 0.0
2.0 0.0 2.0 2.5 2.0 2.0 2.0 2.0 2.0 3.0 3.0 3.0 0.0 0.0 0.0 0.0 0.0 0.0 0.0 0.0
2.0 0.0 2.0 2.5 2.0 2.0 2.0 2.0 3.0 3.0 3.0 3.0 0.0 0.0 0.0 0.0 0.0 0.0 0.0 0.0
2.0 0.0 2.0 2.5 2.0 2.0 2.0 3.0 3.0 3.0 3.0 3.0 0.0 0.0 0.0 0.0 0.0 0.0 0.0 0.0
2.0 0.0 2.0 2.5 2.0 2.0 3.0 3.0 3.0 3.0 3.0 3.0 0.0 0.0 0.0 0.0 0.0 0.0 0.0 0.0
2.0 0.0 2.0 2.5 2.0 3.0 3.0 3.0 3.0 3.0 3.0 4.0 0.0 0.0 0.0 0.0 0.0 0.0 0.0 0.0
2.0 0.0 2.0 2.5 3.0 3.0 3.0 3.0 3.0 3.0 4.0 4.0 0.0 0.0 0.0 0.0 0.0 0.0 0.0 0.0
2.0 0.0 2.0 2.5 3.0 3.0 3.0 3.0 3.0 4.0 4.0 5.0 0.0 0.0 0.0 0.0 0.0 0.0 0.0 0.0
2.0 0.0 2.0 2.5 3.0 3.0 3.0 3.0 4.0 4.0 5.0 5.0 0.0 0.0 0.0 0.0 0.0 0.0 0.0 0.0
2.0 0.0 2.0 2.5 3.0 3.0 3.0 4.0 4.0 5.0 5.0 6.0 0.0 0.0 0.0 0.0 0.0 0.0 0.0 0.0
3.0 0.0 2.0 2.5 3.0 3.0 4.0 4.0 5.0 5.0 6.0 7.0 0.0 0.0 0.0 0.0 0.0 0.0 0.0 0.0
3.0 0.0 2.0 2.5 3.0 4.0 4.0 5.0 5.0 6.0 7.0 7.0 0.0 0.0 0.0 0.0 0.0 0.0 0.0 0.0
3.0 0.0 2.0 2.5 4.0 4.0 5.0 5.0 6.0 7.0 7.0 7.0 0.0 0.0 0.0 0.0 0.0 0.0 0.0 0.0
3.0 0.0 2.0 2.5 4.0 5.0 5.0 6.0 7.0 7.0 7.0 8.0 0.0 0.0 0.0 0.0 0.0 0.0 0.0 0.0
3.0 0.0 2.0 2.5 5.0 5.0 6.0 7.0 7.0 7.0 8.0 8.0 0.0 0.0 0.0 0.0 0.0 0.0 0.0 0.0
3.0 0.0 2.0 2.5 5.0 6.0 7.0 7.0 7.0 8.0 8.0 8.0 0.0 0.0 0.0 0.0 0.0 0.0 0.0 0.0
4.0 0.0 2.0 2.5 6.0 7.0 7.0 7.0 8.0 8.0 8.0 9.0 0.0 0.0 0.0 0.0 0.0 0.0 0.0 0.0
4.0 0.0 2.0 2.5 7.0 7.0 7.0 8.0 8.0 8.0 9.0 10.0 0.0 0.0 0.0 0.0 0.0 0.0 0.0 0.0
5.0 0.0 2.0 2.5 7.0 7.0 8.0 8.0 8.0 9.0 10.0 10.0 0.0 0.0 0.0 0.0 0.0 0.0 0.0 0.0
5.0 0.0 2.0 2.5 7.0 8.0 8.0 8.0 9.0 10.0 10.0 11.0 0.0 0.0 0.0 0.0 0.0 0.0 0.0 0.0
6.0 0.0 2.0 2.5 8.0 8.0 8.0 9.0 10.0 10.0 11.0 12.0 0.0 0.0 0.0 0.0 0.0 0.0 0.0 0.0
7.0 0.0 2.0 2.5 8.0 8.0 9.0 10.0 10.0 11.0 12.0 12.0 0.0 0.0 0.0 0.0 0.0 0.0 0.0 0.0
7.0 0.0 2.0 2.5 8.0 9.0 10.0 10.0 11.0 12.0 12.0 13.0 0.0 0.0 0.0 0.0 0.0 0.0 0.0 0.0
7.0 0.0 2.0 2.5 9.0 10.0 10.0 11.0 12.0 12.0 13.0 14.0 0.0 0.0 0.0 0.0 0.0 0.0 0.0 0.0
8.0 0.0 2.0 2.5 10.0 10.0 11.0 12.0 12.0 13.0 14.0 14.0 0.0 0.0 0.0 0.0 0.0 0.0 0.0 0.0
8.0 0.0 2.0 2.5 10.0 11.0 12.0 12.0 13.0 14.0 14.0 14.0 0.0 0.0 0.0 0.0 0.0 0.0 0.0 0.0
8.0 0.0 2.0 2.5 11.0 12.0 12.0 13.0 14.0 14.0 14.0 15.0 0.0 0.0 0.0 0.0 0.0 0.0 0.0 0.0
9.0 0.0 2.0 2.5 12.0 12.0 13.0 14.0 14.0 14.0 15.0 15.0 0.0 0.0 0.0 0.0 0.0 0.0 0.0 0.0
10.0 0.0 2.0 2.5 12.0 13.0 14.0 14.0 14.0 15.0 15.0 15.0 0.0 0.0 0.0 0.0 0.0 0.0 0.0 0.0
10.0 0.0 2.0 2.5 13.0 14.0 14.0 14.0 15.0 15.0 15.0 16.0 0.0 0.0 0.0 0.0 0.0 0.0 0.0 0.0
11.0 0.0 2.0 2.5 14.0 14.0 14.0 15.0 15.0 15.0 16.0 16.0 0.0 0.0 0.0 0.0 0.0 0.0 0.0 0.0
12.0 0.0 2.0 2.5 14.0 14.0 15.0 15.0 15.0 16.0 16.0 16.0 0.0 0.0 0.0 0.0 0.0 0.0 0.0 0.0
12.0 0.0 2.0 2.5 14.0 15.0 15.0 15.0 16.0 16.0 16.0 17.0 0.0 0.0 0.0 0.0 0.0 0.0 0.0 0.0
13.0 0.0 2.0 2.5 15.0 15.0 15.0 16.0 16.0 16.0 17.0 17.0 0.0 0.0 0.0 0.0 0.0 0.0 0.0 0.0
14.0 0.0 2.0 2.5 15.0 15.0 16.0 16.0 16.0 17.0 17.0 17.0 0.0 0.0 0.0 0.0 0.0 0.0 0.0 0.0
14.0 0.0 2.0 2.5 15.0 16.0 16.0 16.0 17.0 17.0 17.0 18.0 0.0 0.0 0.0 0.0 0.0 0.0 0.0 0.0
14.0 0.0 2.0 2.5 16.0 16.0 16.0 17.0 17.0 17.0 18.0 18.0 0.0 0.0 0.0 0.0 0.0 0.0 0.0 0.0
15.0 0.0 2.0 2.5 16.0 16.0 17.0 17.0 17.0 18.0 18.0 18.0 0.0 0.0 0.0 0.0 0.0 0.0 0.0 0.0
15.0 0.0 2.0 2.5 16.0 17.0 17.0 17.0 18.0 18.0 18.0 18.0 0.0 0.0 0.0 0.0 0.0 0.0 0.0 0.0
15.0 0.0 2.0 2.5 17.0 17.0 17.0 18.0 18.0 18.0 18.0 19.0 0.0 0.0 0.0 0.0 0.0 0.0 0.0 0.0
16.0 0.0 2.0 2.5 17.0 17.0 18.0 18.0 18.0 18.0 19.0 19.0 0.0 0.0 0.0 0.0 0.0 0.0 0.0 0.0
