1.0 0.0 1.0 0.9 3.0 5.0 6.0 7.0 8.0 7.0 8.0 9.0 0.0 0.0 0.0 0.0 0.0 0.0 0.0 0.6
3.0 0.0 1.0 0.9 5.0 6.0 7.0 8.0 7.0 8.0 9.0 13.0 0.0 0.0 0.0 0.0 0.0 0.0 0.6 0.0
3.0 0.0 1.0 0.9 6.0 7.0 8.0 7.0 8.0 9.0 13.0 11.0 0.0 0.0 0.0 0.0 0.0 0.6 0.0 0.0
3.0 0.0 1.0 0.9 7.0 8.0 7.0 8.0 9.0 13.0 11.0 10.0 0.0 0.0 0.0 0.0 0.6 0.0 0.0 0.0
3.0 0.0 1.0 0.9 8.0 7.0 8.0 9.0 13.0 11.0 10.0 10.0 0.0 0.0 0.0 0.6 0.0 0.0 0.0 0.4
5.0 0.0 1.0 0.9 7.0 8.0 9.0 13.0 11.0 10.0 10.0 9.0 0.0 0.0 0.6 0.0 0.0 0.0 0.4 3.0
6.0 0.0 1.0 0.9 8.0 9.0 13.0 11.0 10.0 10.0 9.0 3.0 0.0 0.6 0.0 0.0 0.0 0.4 3.0 5.6
7.0 0.6 1.0 0.9 9.0 13.0 11.0 10.0 10.0 9.0 3.0 0.0 0.6 0.0 0.0 0.0 0.4 3.0 5.6 0.6
8.0 0.6 1.0 0.9 13.0 11.0 10.0 10.0 9.0 3.0 0.0 0.0 0.0 0.0 0.0 0.4 3.0 5.6 0.6 0.2
7.0 0.6 1.0 0.9 11.0 10.0 10.0 9.0 3.0 0.0 0.0 0.0 0.0 0.0 0.4 3.0 5.6 0.6 0.2 0.0
1.0 0.0 2.0 2.5 3.0 3.0 3.0 3.0 4.0 4.0 5.0 4.0 0.0 0.0 0.0 0.0 0.0 0.0 0.0 0.0
2.0 0.0 2.0 2.5 3.0 3.0 3.0 4.0 4.0 5.0 4.0 4.0 0.0 0.0 0.0 0.0 0.0 0.0 0.0 0.0
2.0 0.0 2.0 2.5 3.0 3.0 4.0 4.0 5.0 4.0 4.0 4.0 0.0 0.0 0.0 0.0 0.0 0.0 0.0 0.0
2.0 0.0 2.0 2.5 3.0 4.0 4.0 5.0 4.0 4.0 4.0 5.0 0.0 0.0 0.0 0.0 0.0 0.0 0.0 0.0
3.0 0.0 2.0 2.5 4.0 4.0 5.0 4.0 4.0 4.0 5.0 5.0 0.0 0.0 0.0 0.0 0.0 0.0 0.0 0.0
3.0 0.0 2.0 2.5 4.0 5.0 4.0 4.0 4.0 5.0 5.0 5.0 0.0 0.0 0.0 0.0 0.0 0.0 0.0 0.0
3.0 0.0 2.0 2.5 5.0 4.0 4.0 4.0 5.0 5.0 5.0 5.0 0.0 0.0 0.0 0.0 0.0 0.0 0.0 0.0
3.0 0.0 2.0 2.5 4.0 4.0 4.0 5.0 5.0 5.0 5.0 5.0 0.0 0.0 0.0 0.0 0.0 0.0 0.0 0.0
4.0 0.0 2.0 2.5 4.0 4.0 5.0 5.0 5.0 5.0 5.0 5.0 0.0 0.0 0.0 0.0 0.0 0.0 0.0 0.0
4.0 0.0 2.0 2.5 4.0 5.0 5.0 5.0 5.0 5.0 5.0 6.0 0.0 0.0 0.0 0.0 0.0 0.0 0.0 0.0
5.0 0.0 2.0 2.5 5.0 5.0 5.0 5.0 5.0 5.0 6.0 6.0 0.0 0.0 0.0 0.0 0.0 0.0 0.0 0.0
4.0 0.0 2.0 2.5 5.0 5.0 5.0 5.0 5.0 6.0 6.0 6.0 0.0 0.0 0.0 0.0 0.0 0.0 0.0 0.0
4.0 0.0 2.0 2.5 5.0 5.0 5.0 5.0 6.0 6.0 6.0 5.0 0.0 0.0 0.0 0.0 0.0 0.0 0.0 0.0
4.0 0.0 2.0 2.5 5.0 5.0 5.0 6.0 6.0 6.0 5.0 6.0 0.0 0.0 0.0 0.0 0.0 0.0 0.0 0.0
5.0 0.0 2.0 2.5 5.0 5.0 6.0 6.0 6.0 5.0 6.0 8.0 0.0 0.0 0.0 0.0 0.0 0.0 0.0 0.0
5.0 0.0 2.0 2.5 5.0 6.0 6.0 6.0 5.0 6.0 8.0 7.0 0.0 0.0 0.0 0.0 0.0 0.0 0.0 0.0
5.0 0.0 2.0 2.5 6.0 6.0 6.0 5.0 6.0 8.0 7.0 6.0 0.0 0.0 0.0 0.0 0.0 0.0 0.0 0.0
5.0 0.0 2.0 2.5 6.0 6.0 5.0 6.0 8.0 7.0 6.0 8.0 0.0 0.0 0.0 0.0 0.0 0.0 0.0 0.0
5.0 0.0 2.0 2.5 6.0 5.0 6.0 8.0 7.0 6.0 8.0 8.0 0.0 0.0 0.0 0.0 0.0 0.0 0.0 0.0
5.0 0.0 2.0 2.5 5.0 6.0 8.0 7.0 6.0 8.0 8.0 8.0 0.0 0.0 0.0 0.0 0.0 0.0 0.0 0.0
6.0 0.0 2.0 2.5 6.0 8.0 7.0 6.0 8.0 8.0 8.0 9.0 0.0 0.0 0.0 0.0 0.0 0.0 0.0 0.0
6.0 0.0 2.0 2.5 8.0 7.0 6.0 8.0 8.0 8.0 9.0 9.0 0.0 0.0 0.0 0.0 0.0 0.0 0.0 0.0
6.0 0.0 2.0 2.5 7.0 6.0 8.0 8.0 8.0 9.0 9.0 10.0 0.0 0.0 0.0 0.0 0.0 0.0 0.0 0.0
5.0 0.0 2.0 2.5 6.0 8.0 8.0 8.0 9.0 9.0 10.0 10.0 0.0 0.0 0.0 0.0 0.0 0.0 0.0 0.2
6.0 0.0 2.0 2.5 8.0 8.0 8.0 9.0 9.0 10.0 10.0 9.0 0.0 0.0 0.0 0.0 0.0 0.0 0.2 0.0
8.0 0.0 2.0 2.5 8.0 8.0 9.0 9.0 10.0 10.0 9.0 11.0 0.0 0.0 0.0 0.0 0.0 0.2 0.0 0.0
7.0 0.0 2.0 2.5 8.0 9.0 9.0 10.0 10.0 9.0 11.0 15.0 0.0 0.0 0.0 0.0 0.2 0.0 0.0 0.0
6.0 0.0 2.0 2.5 9.0 9.0 10.0 10.0 9.0 11.0 15.0 11.0 0.0 0.0 0.0 0.2 0.0 0.0 0.0 0.0
8.0 0.0 2.0 2.5 9.0 10.0 10.0 9.0 11.0 15.0 11.0 14.0 0.0 0.0 0.2 0.0 0.0 0.0 0.0 0.0
8.0 0.0 2.0 2.5 10.0 10.0 9.0 11.0 15.0 11.0 14.0 13.0 0.0 0.2 0.0 0.0 0.0 0.0 0.0 0.0
8.0 0.2 2.0 2.5 10.0 9.0 11.0 15.0 11.0 14.0 13.0 16.0 0.2 0.0 0.0 0.0 0.0 0.0 0.0 0.0
9.0 0.2 2.0 2.5 9.0 11.0 15.0 11.0 14.0 13.0 16.0 13.0 0.0 0.0 0.0 0.0 0.0 0.0 0.0 0.0
9.0 0.2 2.0 2.5 11.0 15.0 11.0 14.0 13.0 16.0 13.0 13.0 0.0 0.0 0.0 0.0 0.0 0.0 0.0 0.0
10.0 0.2 2.0 2.5 15.0 11.0 14.0 13.0 16.0 13.0 13.0 16.0 0.0 0.0 0.0 0.0 0.0 0.0 0.0 0.0
10.0 0.2 2.0 2.5 11.0 14.0 13.0 16.0 13.0 13.0 16.0 20.0 0.0 0.0 0.0 0.0 0.0 0.0 0.0 0.0
9.0 0.0 2.0 2.5 14.0 13.0 16.0 13.0 13.0 16.0 20.0 15.0 0.0 0.0 0.0 0.0 0.0 0.0 0.0 0.0
11.0 0.0 2.0 2.5 13.0 16.0 13.0 13.0 16.0 20.0 15.0 17.0 0.0 0.0 0.0 0.0 0.0 0.0 0.0 0.0
15.0 0.0 2.0 2.5 16.0 13.0 13.0 16.0 20.0 15.0 17.0 20.0 0.0 0.0 0.0 0.0 0.0 0.0 0.0 0.0
11.0 0.0 2.0 2.5 13.0 13.0 16.0 20.0 15.0 17.0 20.0 17.0 0.0 0.0 0.0 0.0 0.0 0.0 0.0 0.0
14.0 0.0 2.0 2.5 13.0 16.0 20.0 15.0 17.0 20.0 17.0 13.0 0.0 0.0 0.0 0.0 0.0 0.0 0.0 0.0
13.0 0.0 2.0 2.5 16.0 20.0 15.0 17.0 20.0 17.0 13.0 20.0 0.0 0.0 0.0 0.0 0.0 0.0 0.0 0.0
16.0 0.0 2.0 2.5 20.0 15.0 17.0 20.0 17.0 13.0 20.0 19.0 0.0 0.0 0.0 0.0 0.0 0.0 0.0 0.0
13.0 0.0 2.0 2.5 15.0 17.0 20.0 17.0 13.0 20.0 19.0 19.0 0.0 0.0 0.0 0.0 0.0 0.0 0.0 0.0
13.0 0.0 2.0 2.5 17.0 20.0 17.0 13.0 20.0 19.0 19.0 23.0 0.0 0.0 0.0 0.0 0.0 0.0 0.0 0.0
16.0 0.0 2.0 2.5 20.0 17.0 13.0 20.0 19.0 19.0 23.0 19.0 0.0 0.0 0.0 0.0 0.0 0.0 0.0 0.0
20.0 0.0 2.0 2.5 17.0 13.0 20.0 19.0 19.0 23.0 19.0 20.0 0.0 0.0 0.0 0.0 0.0 0.0 0.0 0.0
15.0 0.0 2.0 2.5 13.0 20.0 19.0 19.0 23.0 19.0 20.0 21.0 0.0 0.0 0.0 0.0 0.0 0.0 0.0 0.0
17.0 0.0 2.0 2.5 20.0 19.0 19.0 23.0 19.0 20.0 21.0 22.0 0.0 0.0 0.0 0.0 0.0 0.0 0.0 0.0
20.0 0.0 2.0 2.5 19.0 19.0 23.0 19.0 20.0 21.0 22.0 20.0 0.0 0.0 0.0 0.0 0.0 0.0 0.0 0.0
17.0 0.0 2.0 2.5 19.0 23.0 19.0 20.0 21.0 22.0 20.0 21.0 0.0 0.0 0.0 0.0 0.0 0.0 0.0 0.0
13.0 0.0 2.0 2.5 23.0 19.0 20.0 21.0 22.0 20.0 21.0 23.0 0.0 0.0 0.0 0.0 0.0 0.0 0.0 0.0
20.0 0.0 2.0 2.5 19.0 20.0 21.0 22.0 20.0 21.0 23.0 20.0 0.0 0.0 0.0 0.0 0.0 0.0 0.0 0.0
19.0 0.0 2.0 2.5 20.0 21.0 22.0 20.0 21.0 23.0 20.0 22.0 0.0 0.0 0.0 0.0 0.0 0.0 0.0 0.0
19.0 0.0 2.0 2.5 21.0 22.0 20.0 21.0 23.0 20.0 22.0 24.0 0.0 0.0 0.0 0.0 0.0 0.0 0.0 0.0
23.0 0.0 2.0 2.5 22.0 20.0 21.0 23.0 20.0 22.0 24.0 22.0 0.0 0.0 0.0 0.0 0.0 0.0 0.0 0.0
19.0 0.0 2.0 2.5 20.0 21.0 23.0 20.0 22.0 24.0 22.0 23.0 0.0 0.0 0.0 0.0 0.0 0.0 0.0 0.0
20.0 0.0 2.0 2.5 21.0 23.0 20.0 22.0 24.0 22.0 23.0 24.0 0.0 0.0 0.0 0.0 0.0 0.0 0.0 0.0
21.0 0.0 2.0 2.5 23.0 20.0 22.0 24.0 22.0 23.0 24.0 26.0 0.0 0.0 0.0 0.0 0.0 0.0 0.0 0.2
22.0 0.0 2.0 2.5 20.0 22.0 24.0 22.0 23.0 24.0 26.0 25.0 0.0 0.0 0.0 0.0 0.0 0.0 0.2 0.0
20.0 0.0 2.0 2.5 22.0 24.0 22.0 23.0 24.0 26.0 25.0 24.0 0.0 0.0 0.0 0.0 0.0 0.2 0.0 0.2
21.0 0.0 2.0 2.5 24.0 22.0 23.0 24.0 26.0 25.0 24.0 26.0 0.0 0.0 0.0 0.0 0.2 0.0 0.2 0.2
23.0 0.0 2.0 2.5 22.0 23.0 24.0 26.0 25.0 24.0 26.0 27.0 0.0 0.0 0.0 0.2 0.0 0.2 0.2 0.0
20.0 0.0 2.0 2.5 23.0 24.0 26.0 25.0 24.0 26.0 27.0 24.0 0.0 0.0 0.2 0.0 0.2 0.2 0.0 0.2
22.0 0.0 2.0 2.5 24.0 26.0 25.0 24.0 26.0 27.0 24.0 27.0 0.0 0.2 0.0 0.2 0.2 0.0 0.2 0.4
24.0 0.2 2.0 2.5 26.0 25.0 24.0 26.0 27.0 24.0 27.0 27.0 0.2 0.0 0.2 0.2 0.0 0.2 0.4 1.0
22.0 0.2 2.0 2.5 25.0 24.0 26.0 27.0 24.0 27.0 27.0 24.0 0.0 0.2 0.2 0.0 0.2 0.4 1.0 1.8
23.0 0.4 2.0 2.5 24.0 26.0 27.0 24.0 27.0 27.0 24.0 28.0 0.2 0.2 0.0 0.2 0.4 1.0 1.8 1.6
24.0 0.6000000000000001 2.0 2.5 26.0 27.0 24.0 27.0 27.0 24.0 28.0 24.0 0.2 0.0 0.2 0.4 1.0 1.8 1.6 0.4
26.0 0.6000000000000001 2.0 2.5 27.0 24.0 27.0 27.0 24.0 28.0 24.0 24.0 0.0 0.2 0.4 1.0 1.8 1.6 0.4 0.6
25.0 0.6000000000000001 2.0 2.5 24.0 27.0 27.0 24.0 28.0 24.0 24.0 27.0 0.2 0.4 1.0 1.8 1.6 0.4 0.6 0.4
24.0 1.0 2.0 2.5 27.0 27.0 24.0 28.0 24.0 24.0 27.0 27.0 0.4 1.0 1.8 1.6 0.4 0.6 0.4 0.6
26.0 1.7999999999999998 2.0 2.5 27.0 24.0 28.0 24.0 24.0 27.0 27.0 25.0 1.0 1.8 1.6 0.4 0.6 0.4 0.6 0.6
27.0 3.4 2.0 2.5 24.0 28.0 24.0 24.0 27.0 27.0 25.0 28.0 1.8 1.6 0.4 0.6 0.4 0.6 0.6 0.4
24.0 5.000000000000001 2.0 2.5 28.0 24.0 24.0 27.0 27.0 25.0 28.0 30.0 1.6 0.4 0.6 0.4 0.6 0.6 0.4 0.6
27.0 5.2 2.0 2.5 24.0 24.0 27.0 27.0 25.0 28.0 30.0 27.0 0.4 0.6 0.4 0.6 0.6 0.4 0.6 1.2
27.0 5.4 2.0 2.5 24.0 27.0 27.0 25.0 28.0 30.0 27.0 27.0 0.6 0.4 0.6 0.6 0.4 0.6 1.2 0.8
24.0 4.8 2.0 2.5 27.0 27.0 25.0 28.0 30.0 27.0 27.0 24.0 0.4 0.6 0.6 0.4 0.6 1.2 0.8 0.6
28.0 3.6 2.0 2.5 27.0 25.0 28.0 30.0 27.0 27.0 24.0 28.0 0.6 0.6 0.4 0.6 1.2 0.8 0.6 0.2
24.0 2.6 2.0 2.5 25.0 28.0 30.0 27.0 27.0 24.0 28.0 27.0 0.6 0.4 0.6 1.2 0.8 0.6 0.2 0.2
24.0 2.6 2.0 2.5 28.0 30.0 27.0 27.0 24.0 28.0 27.0 26.0 0.4 0.6 1.2 0.8 0.6 0.2 0.2 0.4
27.0 2.6 2.0 2.5 30.0 27.0 27.0 24.0 28.0 27.0 26.0 28.0 0.6 1.2 0.8 0.6 0.2 0.2 0.4 0.4
27.0 3.4 2.0 2.5 27.0 27.0 24.0 28.0 27.0 26.0 28.0 26.0 1.2 0.8 0.6 0.2 0.2 0.4 0.4 0.4
25.0 3.6 2.0 2.5 27.0 24.0 28.0 27.0 26.0 28.0 26.0 27.0 0.8 0.6 0.2 0.2 0.4 0.4 0.4 0.6
28.0 3.5999999999999996 2.0 2.5 24.0 28.0 27.0 26.0 28.0 26.0 27.0 28.0 0.6 0.2 0.2 0.4 0.4 0.4 0.6 0.4
30.0 3.4 2.0 2.5 28.0 27.0 26.0 28.0 26.0 27.0 28.0 29.0 0.2 0.2 0.4 0.4 0.4 0.6 0.4 0.4
27.0 3.0 2.0 2.5 27.0 26.0 28.0 26.0 27.0 28.0 29.0 28.0 0.2 0.4 0.4 0.4 0.6 0.4 0.4 0.4
27.0 2.2 2.0 2.5 26.0 28.0 26.0 27.0 28.0 29.0 28.0 28.0 0.4 0.4 0.4 0.6 0.4 0.4 0.4 0.2
24.0 1.7999999999999998 2.0 2.5 28.0 26.0 27.0 28.0 29.0 28.0 28.0 28.0 0.4 0.4 0.6 0.4 0.4 0.4 0.2 0.2
28.0 1.6 2.0 2.5 26.0 27.0 28.0 29.0 28.0 28.0 28.0 26.0 0.4 0.6 0.4 0.4 0.4 0.2 0.2 0.4
27.0 1.9999999999999998 2.0 2.5 27.0 28.0 29.0 28.0 28.0 28.0 26.0 32.0 0.6 0.4 0.4 0.4 0.2 0.2 0.4 0.6
26.0 2.1999999999999997 2.0 2.5 28.0 29.0 28.0 28.0 28.0 26.0 32.0 28.0 0.4 0.4 0.4 0.2 0.2 0.4 0.6 2.0
28.0 2.1999999999999997 2.0 2.5 29.0 28.0 28.0 28.0 26.0 32.0 28.0 28.0 0.4 0.4 0.2 0.2 0.4 0.6 2.0 0.8
26.0 2.2 2.0 2.5 28.0 28.0 28.0 26.0 32.0 28.0 28.0 27.0 0.4 0.2 0.2 0.4 0.6 2.0 0.8 0.4
27.0 2.0 2.0 2.5 28.0 28.0 26.0 32.0 28.0 28.0 27.0 27.0 0.2 0.2 0.4 0.6 2.0 0.8 0.4 0.4
28.0 1.6 2.0 2.5 28.0 26.0 32.0 28.0 28.0 27.0 27.0 30.0 0.2 0.4 0.6 2.0 0.8 0.4 0.4 1.0
29.0 1.6 2.0 2.5 26.0 32.0 28.0 28.0 27.0 27.0 30.0 26.0 0.4 0.6 2.0 0.8 0.4 0.4 1.0 0.6
28.0 1.7999999999999998 2.0 2.5 32.0 28.0 28.0 27.0 27.0 30.0 26.0 28.0 0.6 2.0 0.8 0.4 0.4 1.0 0.6 0.4
28.0 3.4000000000000004 2.0 2.5 28.0 28.0 27.0 27.0 30.0 26.0 28.0 29.0 2.0 0.8 0.4 0.4 1.0 0.6 0.4 2.2
28.0 4.0 2.0 2.5 28.0 27.0 27.0 30.0 26.0 28.0 29.0 28.0 0.8 0.4 0.4 1.0 0.6 0.4 2.2 3.0
26.0 4.2 2.0 2.5 27.0 27.0 30.0 26.0 28.0 29.0 28.0 27.0 0.4 0.4 1.0 0.6 0.4 2.2 3.0 2.2
32.0 4.2 2.0 2.5 27.0 30.0 26.0 28.0 29.0 28.0 27.0 26.0 0.4 1.0 0.6 0.4 2.2 3.0 2.2 3.0
28.0 4.6 2.0 2.5 30.0 26.0 28.0 29.0 28.0 27.0 26.0 25.0 1.0 0.6 0.4 2.2 3.0 2.2 3.0 2.4
28.0 3.2 2.0 2.5 26.0 28.0 29.0 28.0 27.0 26.0 25.0 26.0 0.6 0.4 2.2 3.0 2.2 3.0 2.4 1.4
27.0 2.8 2.0 2.5 28.0 29.0 28.0 27.0 26.0 25.0 26.0 26.0 0.4 2.2 3.0 2.2 3.0 2.4 1.4 4.2
27.0 4.6000000000000005 2.0 2.5 29.0 28.0 27.0 26.0 25.0 26.0 26.0 24.0 2.2 3.0 2.2 3.0 2.4 1.4 4.2 1.6
30.0 7.2 2.0 2.5 28.0 27.0 26.0 25.0 26.0 26.0 24.0 25.0 3.0 2.2 3.0 2.4 1.4 4.2 1.6 0.8
26.0 8.4 2.0 2.5 27.0 26.0 25.0 26.0 26.0 24.0 25.0 23.0 2.2 3.0 2.4 1.4 4.2 1.6 0.8 0.2
28.0 10.799999999999999 2.0 2.5 26.0 25.0 26.0 26.0 24.0 25.0 23.0 26.0 3.0 2.4 1.4 4.2 1.6 0.8 0.2 1.0
29.0 12.8 2.0 2.5 25.0 26.0 26.0 24.0 25.0 23.0 26.0 26.0 2.4 1.4 4.2 1.6 0.8 0.2 1.0 1.0
28.0 12.0 2.0 2.5 26.0 26.0 24.0 25.0 23.0 26.0 26.0 25.0 1.4 4.2 1.6 0.8 0.2 1.0 1.0 2.8
27.0 13.2 2.0 2.5 26.0 24.0 25.0 23.0 26.0 26.0 25.0 27.0 4.2 1.6 0.8 0.2 1.0 1.0 2.8 2.2
26.0 12.600000000000001 2.0 2.5 24.0 25.0 23.0 26.0 26.0 25.0 27.0 26.0 1.6 0.8 0.2 1.0 1.0 2.8 2.2 3.2
25.0 10.4 2.0 2.5 25.0 23.0 26.0 26.0 25.0 27.0 26.0 22.0 0.8 0.2 1.0 1.0 2.8 2.2 3.2 3.4
26.0 8.200000000000001 2.0 2.5 23.0 26.0 26.0 25.0 27.0 26.0 22.0 23.0 0.2 1.0 1.0 2.8 2.2 3.2 3.4 3.8
26.0 7.800000000000001 2.0 2.5 26.0 26.0 25.0 27.0 26.0 22.0 23.0 23.0 1.0 1.0 2.8 2.2 3.2 3.4 3.8 3.6
24.0 4.6 2.0 2.5 26.0 25.0 27.0 26.0 22.0 23.0 23.0 24.0 1.0 2.8 2.2 3.2 3.4 3.8 3.6 2.2
25.0 5.8 2.0 2.5 25.0 27.0 26.0 22.0 23.0 23.0 24.0 24.0 2.8 2.2 3.2 3.4 3.8 3.6 2.2 2.6
23.0 7.2 2.0 2.5 27.0 26.0 22.0 23.0 23.0 24.0 24.0 21.0 2.2 3.2 3.4 3.8 3.6 2.2 2.6 2.2
26.0 10.2 2.0 2.5 26.0 22.0 23.0 23.0 24.0 24.0 21.0 22.0 3.2 3.4 3.8 3.6 2.2 2.6 2.2 1.4
26.0 12.600000000000001 2.0 2.5 22.0 23.0 23.0 24.0 24.0 21.0 22.0 19.0 3.4 3.8 3.6 2.2 2.6 2.2 1.4 1.4
25.0 15.399999999999999 2.0 2.5 23.0 23.0 24.0 24.0 21.0 22.0 19.0 18.0 3.8 3.6 2.2 2.6 2.2 1.4 1.4 2.0
27.0 16.2 2.0 2.5 23.0 24.0 24.0 21.0 22.0 19.0 18.0 19.0 3.6 2.2 2.6 2.2 1.4 1.4 2.0 1.6
26.0 16.200000000000003 2.0 2.5 24.0 24.0 21.0 22.0 19.0 18.0 19.0 19.0 2.2 2.6 2.2 1.4 1.4 2.0 1.6 1.6
22.0 15.6 2.0 2.5 24.0 21.0 22.0 19.0 18.0 19.0 19.0 17.0 2.6 2.2 1.4 1.4 2.0 1.6 1.6 3.8
23.0 14.400000000000002 2.0 2.5 21.0 22.0 19.0 18.0 19.0 19.0 17.0 14.0 2.2 1.4 1.4 2.0 1.6 1.6 3.8 3.6
23.0 12.0 2.0 2.5 22.0 19.0 18.0 19.0 19.0 17.0 14.0 11.0 1.4 1.4 2.0 1.6 1.6 3.8 3.6 5.0
24.0 9.8 2.0 2.5 19.0 18.0 19.0 19.0 17.0 14.0 11.0 9.0 1.4 2.0 1.6 1.6 3.8 3.6 5.0 3.2
24.0 9.6 2.0 2.5 18.0 19.0 19.0 17.0 14.0 11.0 9.0 7.0 2.0 1.6 1.6 3.8 3.6 5.0 3.2 0.8
21.0 8.600000000000001 2.0 2.5 19.0 19.0 17.0 14.0 11.0 9.0 7.0 6.0 1.6 1.6 3.8 3.6 5.0 3.2 0.8 1.4
22.0 8.0 2.0 2.5 19.0 17.0 14.0 11.0 9.0 7.0 6.0 3.0 1.6 3.8 3.6 5.0 3.2 0.8 1.4 2.8
19.0 10.4 2.0 2.5 17.0 14.0 11.0 9.0 7.0 6.0 3.0 2.0 3.8 3.6 5.0 3.2 0.8 1.4 2.8 0.2
18.0 12.6 2.0 2.5 14.0 11.0 9.0 7.0 6.0 3.0 2.0 2.0 3.6 5.0 3.2 0.8 1.4 2.8 0.2 0.2
19.0 15.599999999999998 2.0 0.9 11.0 9.0 7.0 6.0 3.0 2.0 2.0 2.0 5.0 3.2 0.8 1.4 2.8 0.2 0.2 0.0
19.0 17.2 2.0 0.9 9.0 7.0 6.0 3.0 2.0 2.0 2.0 3.0 3.2 0.8 1.4 2.8 0.2 0.2 0.0 0.0
17.0 16.4 2.0 0.9 7.0 6.0 3.0 2.0 2.0 2.0 3.0 4.0 0.8 1.4 2.8 0.2 0.2 0.0 0.0 0.2
14.0 14.0 2.0 0.9 6.0 3.0 2.0 2.0 2.0 3.0 4.0 4.0 1.4 2.8 0.2 0.2 0.0 0.0 0.2 0.2
11.0 13.2 2.0 0.9 3.0 2.0 2.0 2.0 3.0 4.0 4.0 3.0 2.8 0.2 0.2 0.0 0.0 0.2 0.2 0.2
9.0 8.4 2.0 0.9 2.0 2.0 2.0 3.0 4.0 4.0 3.0 4.0 0.2 0.2 0.0 0.0 0.2 0.2 0.2 0.2
7.0 5.3999999999999995 2.0 0.9 2.0 2.0 3.0 4.0 4.0 3.0 4.0 5.0 0.2 0.0 0.0 0.2 0.2 0.2 0.2 0.0
6.0 4.6 2.0 0.9 2.0 3.0 4.0 4.0 3.0 4.0 5.0 5.0 0.0 0.0 0.2 0.2 0.2 0.2 0.0 0.0
3.0 3.1999999999999997 2.0 0.9 3.0 4.0 4.0 3.0 4.0 5.0 5.0 5.0 0.0 0.2 0.2 0.2 0.2 0.0 0.0 0.0
2.0 0.6000000000000001 2.0 0.9 4.0 4.0 3.0 4.0 5.0 5.0 5.0 6.0 0.2 0.2 0.2 0.2 0.0 0.0 0.0 0.0
2.0 0.6000000000000001 2.0 0.9 4.0 3.0 4.0 5.0 5.0 5.0 6.0 5.0 0.2 0.2 0.2 0.0 0.0 0.0 0.0 0.0
2.0 0.6000000000000001 2.0 0.9 3.0 4.0 5.0 5.0 5.0 6.0 5.0 6.0 0.2 0.2 0.0 0.0 0.0 0.0 0.0 0.2
3.0 0.8 2.0 0.9 4.0 5.0 5.0 5.0 6.0 5.0 6.0 6.0 0.2 0.0 0.0 0.0 0.0 0.0 0.2 0.4
4.0 0.8 2.0 0.9 5.0 5.0 5.0 6.0 5.0 6.0 6.0 6.0 0.0 0.0 0.0 0.0 0.0 0.2 0.4 0.0
4.0 0.6000000000000001 2.0 0.9 5.0 5.0 6.0 5.0 6.0 6.0 6.0 6.0 0.0 0.0 0.0 0.0 0.2 0.4 0.0 0.0
3.0 0.4 2.0 0.9 5.0 6.0 5.0 6.0 6.0 6.0 6.0 7.0 0.0 0.0 0.0 0.2 0.4 0.0 0.0 0.2
4.0 0.2 2.0 0.9 6.0 5.0 6.0 6.0 6.0 6.0 7.0 7.0 0.0 0.0 0.2 0.4 0.0 0.0 0.2 0.4
5.0 0.0 2.0 0.9 5.0 6.0 6.0 6.0 6.0 7.0 7.0 7.0 0.0 0.2 0.4 0.0 0.0 0.2 0.4 0.2
5.0 0.2 2.0 0.9 6.0 6.0 6.0 6.0 7.0 7.0 7.0 6.0 0.2 0.4 0.0 0.0 0.2 0.4 0.2 0.0
5.0 0.6000000000000001 2.0 0.9 6.0 6.0 6.0 7.0 7.0 7.0 6.0 7.0 0.4 0.0 0.0 0.2 0.4 0.2 0.0 0.4
6.0 0.6000000000000001 2.0 0.9 6.0 6.0 7.0 7.0 7.0 6.0 7.0 7.0 0.0 0.0 0.2 0.4 0.2 0.0 0.4 0.2
5.0 0.6000000000000001 2.0 0.9 6.0 7.0 7.0 7.0 6.0 7.0 7.0 7.0 0.0 0.2 0.4 0.2 0.0 0.4 0.2 0.2
6.0 0.8 2.0 0.9 7.0 7.0 7.0 6.0 7.0 7.0 7.0 8.0 0.2 0.4 0.2 0.0 0.4 0.2 0.2 0.2
6.0 1.0 2.0 0.9 7.0 7.0 6.0 7.0 7.0 7.0 8.0 8.0 0.4 0.2 0.0 0.4 0.2 0.2 0.2 0.0
6.0 0.8 2.0 0.9 7.0 6.0 7.0 7.0 7.0 8.0 8.0 8.0 0.2 0.0 0.4 0.2 0.2 0.2 0.0 0.0
6.0 0.8 2.0 0.9 6.0 7.0 7.0 7.0 8.0 8.0 8.0 8.0 0.0 0.4 0.2 0.2 0.2 0.0 0.0 0.0
7.0 1.2 2.0 0.9 7.0 7.0 7.0 8.0 8.0 8.0 8.0 9.0 0.4 0.2 0.2 0.2 0.0 0.0 0.0 0.2
7.0 1.2000000000000002 2.0 0.9 7.0 7.0 8.0 8.0 8.0 8.0 9.0 9.0 0.2 0.2 0.2 0.0 0.0 0.0 0.2 0.2
7.0 1.0 2.0 0.9 7.0 8.0 8.0 8.0 8.0 9.0 9.0 11.0 0.2 0.2 0.0 0.0 0.0 0.2 0.2 0.2
6.0 1.0 2.0 0.9 8.0 8.0 8.0 8.0 9.0 9.0 11.0 13.0 0.2 0.0 0.0 0.0 0.2 0.2 0.2 0.4
7.0 1.0 2.0 0.9 8.0 8.0 8.0 9.0 9.0 11.0 13.0 13.0 0.0 0.0 0.0 0.2 0.2 0.2 0.4 0.2
7.0 0.6000000000000001 2.0 0.9 8.0 8.0 9.0 9.0 11.0 13.0 13.0 13.0 0.0 0.0 0.2 0.2 0.2 0.4 0.2 0.2
7.0 0.4 2.0 0.9 8.0 9.0 9.0 11.0 13.0 13.0 13.0 13.0 0.0 0.2 0.2 0.2 0.4 0.2 0.2 0.8
8.0 0.4 2.0 0.9 9.0 9.0 11.0 13.0 13.0 13.0 13.0 13.0 0.2 0.2 0.2 0.4 0.2 0.2 0.8 1.0
8.0 0.4 2.0 0.9 9.0 11.0 13.0 13.0 13.0 13.0 13.0 12.0 0.2 0.2 0.4 0.2 0.2 0.8 1.0 0.4
8.0 0.6000000000000001 2.0 0.9 11.0 13.0 13.0 13.0 13.0 13.0 12.0 12.0 0.2 0.4 0.2 0.2 0.8 1.0 0.4 0.0
8.0 1.0 2.0 0.9 13.0 13.0 13.0 13.0 13.0 12.0 12.0 12.0 0.4 0.2 0.2 0.8 1.0 0.4 0.0 0.0
9.0 1.2 2.0 0.9 13.0 13.0 13.0 13.0 12.0 12.0 12.0 13.0 0.2 0.2 0.8 1.0 0.4 0.0 0.0 1.0
9.0 1.2 2.0 0.9 13.0 13.0 13.0 12.0 12.0 12.0 13.0 14.0 0.2 0.8 1.0 0.4 0.0 0.0 1.0 0.2
11.0 1.8 2.0 0.9 13.0 13.0 12.0 12.0 12.0 13.0 14.0 13.0 0.8 1.0 0.4 0.0 0.0 1.0 0.2 0.0
13.0 2.6 2.0 0.9 13.0 12.0 12.0 12.0 13.0 14.0 13.0 14.0 1.0 0.4 0.0 0.0 1.0 0.2 0.0 0.2
13.0 2.6000000000000005 2.0 0.9 12.0 12.0 12.0 13.0 14.0 13.0 14.0 13.0 0.4 0.0 0.0 1.0 0.2 0.0 0.2 0.0
13.0 2.4000000000000004 2.0 0.9 12.0 12.0 13.0 14.0 13.0 14.0 13.0 12.0 0.0 0.0 1.0 0.2 0.0 0.2 0.0 0.4
13.0 2.2 2.0 0.9 12.0 13.0 14.0 13.0 14.0 13.0 12.0 13.0 0.0 1.0 0.2 0.0 0.2 0.0 0.4 1.2
13.0 2.4 2.0 0.9 13.0 14.0 13.0 14.0 13.0 12.0 13.0 13.0 1.0 0.2 0.0 0.2 0.0 0.4 1.2 0.0
12.0 1.6 2.0 0.9 14.0 13.0 14.0 13.0 12.0 13.0 13.0 11.0 0.2 0.0 0.2 0.0 0.4 1.2 0.0 0.0
12.0 1.2 2.0 0.9 13.0 14.0 13.0 12.0 13.0 13.0 11.0 10.0 0.0 0.2 0.0 0.4 1.2 0.0 0.0 0.8
12.0 1.4 2.0 0.9 14.0 13.0 12.0 13.0 13.0 11.0 10.0 12.0 0.2 0.0 0.4 1.2 0.0 0.0 0.8 1.8
13.0 1.4 2.0 0.9 13.0 12.0 13.0 13.0 11.0 10.0 12.0 12.0 0.0 0.4 1.2 0.0 0.0 0.8 1.8 1.0
14.0 0.8 2.0 0.9 12.0 13.0 13.0 11.0 10.0 12.0 12.0 12.0 0.4 1.2 0.0 0.0 0.8 1.8 1.0 0.4
13.0 1.8 2.0 0.9 13.0 13.0 11.0 10.0 12.0 12.0 12.0 11.0 1.2 0.0 0.0 0.8 1.8 1.0 0.4 0.0
14.0 1.8 2.0 0.9 13.0 11.0 10.0 12.0 12.0 12.0 11.0 12.0 0.0 0.0 0.8 1.8 1.0 0.4 0.0 0.0
13.0 1.6 2.0 0.9 11.0 10.0 12.0 12.0 12.0 11.0 12.0 12.0 0.0 0.8 1.8 1.0 0.4 0.0 0.0 0.2
12.0 2.4 2.0 0.9 10.0 12.0 12.0 12.0 11.0 12.0 12.0 12.0 0.8 1.8 1.0 0.4 0.0 0.0 0.2 0.2
13.0 3.8 2.0 0.9 12.0 12.0 12.0 11.0 12.0 12.0 12.0 12.0 1.8 1.0 0.4 0.0 0.0 0.2 0.2 0.4
13.0 3.5999999999999996 2.0 0.9 12.0 12.0 11.0 12.0 12.0 12.0 12.0 12.0 1.0 0.4 0.0 0.0 0.2 0.2 0.4 0.8
11.0 4.0 2.0 0.9 12.0 11.0 12.0 12.0 12.0 12.0 12.0 12.0 0.4 0.0 0.0 0.2 0.2 0.4 0.8 0.4
10.0 4.0 2.0 0.9 11.0 12.0 12.0 12.0 12.0 12.0 12.0 12.0 0.0 0.0 0.2 0.2 0.4 0.8 0.4 0.4
12.0 3.2 2.0 0.9 12.0 12.0 12.0 12.0 12.0 12.0 12.0 12.0 0.0 0.2 0.2 0.4 0.8 0.4 0.4 0.4
12.0 1.6 2.0 0.9 12.0 12.0 12.0 12.0 12.0 12.0 12.0 10.0 0.2 0.2 0.4 0.8 0.4 0.4 0.4 1.2
12.0 0.8 2.0 0.9 12.0 12.0 12.0 12.0 12.0 12.0 10.0 11.0 0.2 0.4 0.8 0.4 0.4 0.4 1.2 1.4
11.0 0.8 2.0 0.9 12.0 12.0 12.0 12.0 12.0 10.0 11.0 11.0 0.4 0.8 0.4 0.4 0.4 1.2 1.4 0.2
12.0 1.6 2.0 0.9 12.0 12.0 12.0 12.0 10.0 11.0 11.0 11.0 0.8 0.4 0.4 0.4 1.2 1.4 0.2 0.2
12.0 2.0 2.0 0.9 12.0 12.0 12.0 10.0 11.0 11.0 11.0 11.0 0.4 0.4 0.4 1.2 1.4 0.2 0.2 0.4
12.0 2.2 2.0 0.9 12.0 12.0 10.0 11.0 11.0 11.0 11.0 12.0 0.4 0.4 1.2 1.4 0.2 0.2 0.4 0.6
12.0 2.4 2.0 0.9 12.0 10.0 11.0 11.0 11.0 11.0 12.0 11.0 0.4 1.2 1.4 0.2 0.2 0.4 0.6 0.8
12.0 3.2 2.0 0.9 10.0 11.0 11.0 11.0 11.0 12.0 11.0 11.0 1.2 1.4 0.2 0.2 0.4 0.6 0.8 0.2
12.0 3.7999999999999994 2.0 0.9 11.0 11.0 11.0 11.0 12.0 11.0 11.0 9.0 1.4 0.2 0.2 0.4 0.6 0.8 0.2 0.0
12.0 3.5999999999999996 2.0 0.9 11.0 11.0 11.0 12.0 11.0 11.0 9.0 11.0 0.2 0.2 0.4 0.6 0.8 0.2 0.0 0.8
12.0 3.4 2.0 0.9 11.0 11.0 12.0 11.0 11.0 9.0 11.0 11.0 0.2 0.4 0.6 0.8 0.2 0.0 0.8 0.2
10.0 3.4000000000000004 2.0 0.9 11.0 12.0 11.0 11.0 9.0 11.0 11.0 11.0 0.4 0.6 0.8 0.2 0.0 0.8 0.2 0.0
11.0 2.8 2.0 0.9 12.0 11.0 11.0 9.0 11.0 11.0 11.0 12.0 0.6 0.8 0.2 0.0 0.8 0.2 0.0 0.0
11.0 2.1999999999999997 2.0 0.9 11.0 11.0 9.0 11.0 11.0 11.0 12.0 12.0 0.8 0.2 0.0 0.8 0.2 0.0 0.0 0.2
11.0 2.2 2.0 0.9 11.0 9.0 11.0 11.0 11.0 12.0 12.0 13.0 0.2 0.0 0.8 0.2 0.0 0.0 0.2 0.0
11.0 2.0 2.0 0.9 9.0 11.0 11.0 11.0 12.0 12.0 13.0 12.0 0.0 0.8 0.2 0.0 0.0 0.2 0.0 0.0
12.0 2.4 2.0 0.9 11.0 11.0 11.0 12.0 12.0 13.0 12.0 12.0 0.8 0.2 0.0 0.0 0.2 0.0 0.0 0.0
11.0 2.0 2.0 0.9 11.0 11.0 12.0 12.0 13.0 12.0 12.0 12.0 0.2 0.0 0.0 0.2 0.0 0.0 0.0 0.0
11.0 1.2 2.0 0.9 11.0 12.0 12.0 13.0 12.0 12.0 12.0 11.0 0.0 0.0 0.2 0.0 0.0 0.0 0.0 0.0
9.0 1.0 2.0 0.9 12.0 12.0 13.0 12.0 12.0 12.0 11.0 13.0 0.0 0.2 0.0 0.0 0.0 0.0 0.0 0.0
11.0 1.2000000000000002 2.0 0.9 12.0 13.0 12.0 12.0 12.0 11.0 13.0 13.0 0.2 0.0 0.0 0.0 0.0 0.0 0.0 0.0
11.0 0.4 2.0 0.9 13.0 12.0 12.0 12.0 11.0 13.0 13.0 14.0 0.0 0.0 0.0 0.0 0.0 0.0 0.0 0.0
11.0 0.2 2.0 0.9 12.0 12.0 12.0 11.0 13.0 13.0 14.0 11.0 0.0 0.0 0.0 0.0 0.0 0.0 0.0 0.2
12.0 0.2 2.0 0.9 12.0 12.0 11.0 13.0 13.0 14.0 11.0 13.0 0.0 0.0 0.0 0.0 0.0 0.0 0.2 0.0
12.0 0.2 2.0 0.9 12.0 11.0 13.0 13.0 14.0 11.0 13.0 13.0 0.0 0.0 0.0 0.0 0.0 0.2 0.0 0.0
13.0 0.0 2.0 0.9 11.0 13.0 13.0 14.0 11.0 13.0 13.0 12.0 0.0 0.0 0.0 0.0 0.2 0.0 0.0 0.4
12.0 0.0 2.0 0.9 13.0 13.0 14.0 11.0 13.0 13.0 12.0 14.0 0.0 0.0 0.0 0.2 0.0 0.0 0.4 1.0
12.0 0.0 2.0 0.9 13.0 14.0 11.0 13.0 13.0 12.0 14.0 14.0 0.0 0.0 0.2 0.0 0.0 0.4 1.0 1.4
12.0 0.0 2.0 0.9 14.0 11.0 13.0 13.0 12.0 14.0 14.0 14.0 0.0 0.2 0.0 0.0 0.4 1.0 1.4 0.8
11.0 0.2 2.0 0.9 11.0 13.0 13.0 12.0 14.0 14.0 14.0 12.0 0.2 0.0 0.0 0.4 1.0 1.4 0.8 0.4
13.0 0.2 2.0 0.9 13.0 13.0 12.0 14.0 14.0 14.0 12.0 12.0 0.0 0.0 0.4 1.0 1.4 0.8 0.4 2.8
13.0 0.2 2.0 0.9 13.0 12.0 14.0 14.0 14.0 12.0 12.0 7.0 0.0 0.4 1.0 1.4 0.8 0.4 2.8 7.0
14.0 0.6000000000000001 2.0 0.9 12.0 14.0 14.0 14.0 12.0 12.0 7.0 0.0 0.4 1.0 1.4 0.8 0.4 2.8 7.0 0.8
11.0 1.5999999999999999 2.0 0.9 14.0 14.0 14.0 12.0 12.0 7.0 0.0 0.0 1.0 1.4 0.8 0.4 2.8 7.0 0.8 0.0
13.0 2.8 2.0 0.9 14.0 14.0 12.0 12.0 7.0 0.0 0.0 0.0 1.4 0.8 0.4 2.8 7.0 0.8 0.0 0.0
13.0 3.6 2.0 0.9 14.0 12.0 12.0 7.0 0.0 0.0 0.0 0.0 0.8 0.4 2.8 7.0 0.8 0.0 0.0 0.2
12.0 4.0 2.0 0.9 12.0 12.0 7.0 0.0 0.0 0.0 0.0 1.0 0.4 2.8 7.0 0.8 0.0 0.0 0.2 1.4
14.0 6.4 2.0 0.9 12.0 7.0 0.0 0.0 0.0 0.0 1.0 0.0 2.8 7.0 0.8 0.0 0.0 0.2 1.4 0.8
14.0 12.400000000000002 2.0 0.9 7.0 0.0 0.0 0.0 0.0 1.0 0.0 0.0 7.0 0.8 0.0 0.0 0.2 1.4 0.8 0.4
0.0 2.4 2.0 0.9 1.0 0.0 0.0 0.0 0.0 0.0 0.0 0.0 1.4 0.8 0.4 0.4 0.2 0.2 0.8 1.8
0.0 1.0 3.0 2.5 1.0 1.0 1.0 1.0 1.0 1.0 1.0 1.0 0.2 0.6 0.6 0.8 1.4 0.6 0.4 1.0
0.0 1.4 3.0 2.5 1.0 1.0 1.0 1.0 1.0 1.0 1.0 1.0 0.6 0.6 0.8 1.4 0.6 0.4 1.0 0.4
0.0 1.7999999999999998 3.0 2.5 1.0 1.0 1.0 1.0 1.0 1.0 1.0 1.0 0.6 0.8 1.4 0.6 0.4 1.0 0.4 0.6
0.0 2.4000000000000004 3.0 2.5 1.0 1.0 1.0 1.0 1.0 1.0 1.0 1.0 0.8 1.4 0.6 0.4 1.0 0.4 0.6 0.6
1.0 3.6000000000000005 3.0 2.5 1.0 1.0 1.0 1.0 1.0 1.0 1.0 1.0 1.4 0.6 0.4 1.0 0.4 0.6 0.6 0.4
1.0 4.0 3.0 2.5 1.0 1.0 1.0 1.0 1.0 1.0 1.0 1.0 0.6 0.4 1.0 0.4 0.6 0.6 0.4 0.2
1.0 3.8000000000000003 3.0 2.5 1.0 1.0 1.0 1.0 1.0 1.0 1.0 1.0 0.4 1.0 0.4 0.6 0.6 0.4 0.2 0.6
1.0 4.2 3.0 2.5 1.0 1.0 1.0 1.0 1.0 1.0 1.0 1.0 1.0 0.4 0.6 0.6 0.4 0.2 0.6 0.4
1.0 3.8 3.0 2.5 1.0 1.0 1.0 1.0 1.0 1.0 1.0 0.0 0.4 0.6 0.6 0.4 0.2 0.6 0.4 0.4
1.0 3.0 3.0 2.5 1.0 1.0 1.0 1.0 1.0 1.0 0.0 0.0 0.6 0.6 0.4 0.2 0.6 0.4 0.4 0.4
1.0 3.0 3.0 2.5 1.0 1.0 1.0 1.0 1.0 0.0 0.0 0.0 0.6 0.4 0.2 0.6 0.4 0.4 0.4 0.4
1.0 3.0 3.0 2.5 1.0 1.0 1.0 1.0 0.0 0.0 0.0 0.0 0.4 0.2 0.6 0.4 0.4 0.4 0.4 0.0
1.0 2.2 3.0 2.5 1.0 1.0 1.0 0.0 0.0 0.0 0.0 0.0 0.2 0.6 0.4 0.4 0.4 0.4 0.0 0.0
1.0 2.4000000000000004 3.0 2.5 1.0 1.0 0.0 0.0 0.0 0.0 0.0 0.0 0.6 0.4 0.4 0.4 0.4 0.0 0.0 0.2
1.0 2.2 3.0 2.5 1.0 0.0 0.0 0.0 0.0 0.0 0.0 0.0 0.4 0.4 0.4 0.4 0.0 0.0 0.2 0.2
0.0 0.6000000000000001 3.0 2.5 1.0 1.0 1.0 1.0 1.0 1.0 0.0 0.0 0.2 0.4 0.2 0.4 1.2 2.0 0.2 0.2
0.0 0.8 3.0 2.5 1.0 1.0 1.0 1.0 1.0 0.0 0.0 0.0 0.4 0.2 0.4 1.2 2.0 0.2 0.2 0.4
0.0 1.0 3.0 2.5 1.0 1.0 1.0 1.0 0.0 0.0 0.0 0.0 0.2 0.4 1.2 2.0 0.2 0.2 0.4 0.2
0.0 1.4 3.0 2.5 1.0 1.0 1.0 0.0 0.0 0.0 0.0 0.0 0.4 1.2 2.0 0.2 0.2 0.4 0.2 0.2
1.0 2.4000000000000004 3.0 2.5 1.0 1.0 0.0 0.0 0.0 0.0 0.0 0.0 1.2 2.0 0.2 0.2 0.4 0.2 0.2 0.4
1.0 4.2 3.0 2.5 1.0 0.0 0.0 0.0 0.0 0.0 0.0 0.0 2.0 0.2 0.2 0.4 0.2 0.2 0.4 0.0
0.0 0.8 1.0 0.1 1.0 1.0 1.0 1.0 1.0 1.0 1.0 1.0 0.2 0.2 0.2 0.4 0.2 0.4 0.8 0.4
0.0 0.8 1.0 0.1 1.0 1.0 1.0 1.0 1.0 1.0 1.0 1.0 0.2 0.2 0.4 0.2 0.4 0.8 0.4 0.8
0.0 0.8 1.0 0.1 1.0 1.0 1.0 1.0 1.0 1.0 1.0 0.0 0.2 0.4 0.2 0.4 0.8 0.4 0.8 0.8
0.0 1.0 1.0 0.1 1.0 1.0 1.0 1.0 1.0 1.0 0.0 0.0 0.4 0.2 0.4 0.8 0.4 0.8 0.8 0.2
1.0 1.2 1.0 0.1 1.0 1.0 1.0 1.0 1.0 0.0 0.0 0.0 0.2 0.4 0.8 0.4 0.8 0.8 0.2 0.2
1.0 1.4 1.0 0.1 1.0 1.0 1.0 1.0 0.0 0.0 0.0 0.0 0.4 0.8 0.4 0.8 0.8 0.2 0.2 0.0
1.0 2.0000000000000004 1.0 0.1 1.0 1.0 1.0 0.0 0.0 0.0 0.0 0.0 0.8 0.4 0.8 0.8 0.2 0.2 0.0 0.0
1.0 2.2 1.0 0.1 1.0 1.0 0.0 0.0 0.0 0.0 0.0 0.0 0.4 0.8 0.8 0.2 0.2 0.0 0.0 0.2
1.0 2.6 1.0 0.1 1.0 0.0 0.0 0.0 0.0 0.0 0.0 0.0 0.8 0.8 0.2 0.2 0.0 0.0 0.2 0.0
0.0 0.0 4.0 0.9 8.0 9.0 9.0 8.0 1.0 1.0 1.0 1.0 0.0 0.0 0.0 1.6 3.2 1.4 2.2 1.6
2.0 0.0 4.0 0.9 9.0 9.0 8.0 1.0 1.0 1.0 1.0 0.0 0.0 0.0 1.6 3.2 1.4 2.2 1.6 2.0
5.0 0.0 4.0 0.9 9.0 8.0 1.0 1.0 1.0 1.0 0.0 0.0 0.0 1.6 3.2 1.4 2.2 1.6 2.0 0.4
7.0 1.6 4.0 0.9 8.0 1.0 1.0 1.0 1.0 0.0 0.0 0.0 1.6 3.2 1.4 2.2 1.6 2.0 0.4 0.0
0.0 1.2 3.0 2.5 1.0 0.0 0.0 0.0 0.0 0.0 0.0 0.0 1.2 0.8 0.6 1.0 0.4 0.2 0.4 0.0
0.0 0.4 3.0 2.5 1.0 5.0 6.0 8.0 9.0 11.0 12.0 13.0 0.0 0.0 0.2 0.0 0.0 0.2 0.4 0.6
0.0 0.2 3.0 2.5 5.0 6.0 8.0 9.0 11.0 12.0 13.0 14.0 0.0 0.2 0.0 0.0 0.2 0.4 0.6 0.8
0.0 0.2 3.0 2.5 6.0 8.0 9.0 11.0 12.0 13.0 14.0 14.0 0.2 0.0 0.0 0.2 0.4 0.6 0.8 1.4
0.0 0.2 3.0 2.5 8.0 9.0 11.0 12.0 13.0 14.0 14.0 13.0 0.0 0.0 0.2 0.4 0.6 0.8 1.4 2.4
1.0 0.2 3.0 2.5 9.0 11.0 12.0 13.0 14.0 14.0 13.0 12.0 0.0 0.2 0.4 0.6 0.8 1.4 2.4 2.8
5.0 0.4 3.0 2.5 11.0 12.0 13.0 14.0 14.0 13.0 12.0 9.0 0.2 0.4 0.6 0.8 1.4 2.4 2.8 5.2
6.0 0.8 3.0 2.5 12.0 13.0 14.0 14.0 13.0 12.0 9.0 1.0 0.4 0.6 0.8 1.4 2.4 2.8 5.2 3.4
8.0 1.2 3.0 2.5 13.0 14.0 14.0 13.0 12.0 9.0 1.0 1.0 0.6 0.8 1.4 2.4 2.8 5.2 3.4 2.2
9.0 1.9999999999999998 3.0 2.5 14.0 14.0 13.0 12.0 9.0 1.0 1.0 1.0 0.8 1.4 2.4 2.8 5.2 3.4 2.2 1.8
11.0 3.4000000000000004 3.0 2.5 14.0 13.0 12.0 9.0 1.0 1.0 1.0 1.0 1.4 2.4 2.8 5.2 3.4 2.2 1.8 1.2
12.0 5.6 3.0 2.5 13.0 12.0 9.0 1.0 1.0 1.0 1.0 1.0 2.4 2.8 5.2 3.4 2.2 1.8 1.2 1.2
13.0 7.999999999999999 3.0 2.5 12.0 9.0 1.0 1.0 1.0 1.0 1.0 0.0 2.8 5.2 3.4 2.2 1.8 1.2 1.2 1.0
14.0 15.2 3.0 2.5 1.0 1.0 1.0 1.0 1.0 0.0 0.0 0.0 3.4 2.2 1.8 1.2 1.2 1.0 0.4 0.0
0.0 2.4 2.0 0.9 1.0 0.0 0.0 0.0 0.0 0.0 0.0 0.0 1.4 0.8 0.4 0.4 0.2 0.2 0.8 1.8
11.0 3.4000000000000004 3.0 2.5 14.0 13.0 12.0 9.0 1.0 1.0 1.0 1.0 1.4 2.4 2.8 5.2 3.4 2.2 1.8 1.2
0.0 1.0 3.0 2.5 1.0 1.0 1.0 1.0 1.0 1.0 1.0 1.0 0.2 0.6 0.6 0.8 1.4 0.6 0.4 1.0
5.0 0.4 3.0 2.5 11.0 12.0 13.0 14.0 14.0 13.0 12.0 9.0 0.2 0.4 0.6 0.8 1.4 2.4 2.8 5.2
14.0 12.600000000000001 3.0 2.5 9.0 1.0 1.0 1.0 1.0 1.0 0.0 0.0 5.2 3.4 2.2 1.8 1.2 1.2 1.0 0.4
6.0 0.8 3.0 2.5 12.0 13.0 14.0 14.0 13.0 12.0 9.0 1.0 0.4 0.6 0.8 1.4 2.4 2.8 5.2 3.4
1.0 0.2 3.0 2.5 9.0 11.0 12.0 13.0 14.0 14.0 13.0 12.0 0.0 0.2 0.4 0.6 0.8 1.4 2.4 2.8
0.0 1.4 3.0 2.5 1.0 1.0 1.0 1.0 1.0 1.0 1.0 1.0 0.6 0.6 0.8 1.4 0.6 0.4 1.0 0.4
8.0 1.2 3.0 2.5 13.0 14.0 14.0 13.0 12.0 9.0 1.0 1.0 0.6 0.8 1.4 2.4 2.8 5.2 3.4 2.2
0.0 2.4000000000000004 3.0 2.5 1.0 1.0 1.0 1.0 1.0 1.0 1.0 1.0 0.8 1.4 0.6 0.4 1.0 0.4 0.6 0.6
1.0 3.6000000000000005 3.0 2.5 1.0 1.0 1.0 1.0 1.0 1.0 1.0 1.0 1.4 0.6 0.4 1.0 0.4 0.6 0.6 0.4
9.0 1.9999999999999998 3.0 2.5 14.0 14.0 13.0 12.0 9.0 1.0 1.0 1.0 0.8 1.4 2.4 2.8 5.2 3.4 2.2 1.8
0.0 1.7999999999999998 3.0 2.5 1.0 1.0 1.0 1.0 1.0 1.0 1.0 1.0 0.6 0.8 1.4 0.6 0.4 1.0 0.4 0.6
12.0 5.6 3.0 2.5 13.0 12.0 9.0 1.0 1.0 1.0 1.0 1.0 2.4 2.8 5.2 3.4 2.2 1.8 1.2 1.2
1.0 4.0 3.0 2.5 1.0 1.0 1.0 1.0 1.0 1.0 1.0 1.0 0.6 0.4 1.0 0.4 0.6 0.6 0.4 0.2